Anna Herud
4.451546201695703170e-02
5.055797605298787550e-02
3.685884526140839057e-01
1.678742811793560719e-01
2.299564570041162659e-02
4.483342078782354134e-02
1.498631900908025949e-01
4.996866492770408313e-02
7.289876684463698214e-03
5.315034957474128186e-02
2.223353228239302315e-01
3.165181742252270447e-01
2.702249800364178167e-01
5.109819357218060160e-02
1.337754220795464577e-02
1.662629461837240585e-01
4.964468361247437872e-02
3.181003243584647200e-02
4.379446114513451532e-02
2.744077129113250274e-02
1.256303877156314530e-02
1.303461570078911780e-01
2.637889237822284988e-02
7.299234232451880244e-02
9.922480775224196484e-03
3.175290590710200256e-02
3.914454955112646461e-02
1.367155473268737674e-02
3.992709779328592473e-02
8.401125383463262097e-02
1.717012097247996028e-01
3.714772837849085463e-02
1.391526955004022958e-01
5.382063399753798244e-02
1.498308814519727916e-01
5.805132684366614421e-02
3.896626440077245734e-02
1.651029501840503913e-02
2.691520337424027978e-02
7.428088639984660457e-02
6.497505773498418735e-02
1.739441132358834630e-01
1.057709934803155866e-01
1.012831044050315765e-01
6.274714700172619349e-03
2.395395319252893035e-02
2.740574977882321520e-03
2.644201184347292136e-02
4.337809985374319055e-02
3.921342424177369501e-02
9.508230355253471933e-02
1.101970986390371499e-02
1.954131695120664772e-02
2.306012356673454652e-02
2.337665965078027444e-02
8.955369437073973371e-02
1.360572478583548829e-02
2.168934337184734717e-01
5.674284110275169130e-02
1.467472635460639711e-02
1.225808553312118521e-01
1.232542603879172860e-01
2.846742320706227222e-02
2.364694047986044823e-02
1.720751664481226864e-02
2.998097298055939566e-02
3.953611737885242422e-02
9.737876286285465643e-02
2.981027973223861552e-03
4.856799535669461404e-02
2.658093434709186617e-02
2.267269560721280747e-02
6.207758624471348616e-03
7.308003451112460302e-02
5.781836416668585665e-02
4.839663066184012735e-02
1.026331723573696980e-01
1.014398272180018316e-02
5.222465863896964128e-02
1.451387176621936337e-02
6.251554724461383383e-02
1.885581981831262188e-02
2.243132814123812921e-02
4.891927964132966600e-02
2.492190189200981787e-01
4.306652911458441063e-02
2.789743474789528957e-02
3.123188342723269284e-01
3.599670798123986992e-02
1.021228147436185722e-02
1.467894480042458705e-01
2.598169668120576745e-02
1.183863098752665072e-01
1.238963438436618304e-02
4.368640067218170636e-02
6.739062271282096617e-02
1.228546783083094285e-01
1.948948441167935516e-02
6.996586429723666845e-02
8.735499486429176841e-02
3.503534708742021830e-02
1.111612624167098926e-02
1.109654299094797215e-02
2.761329934516534509e-02
8.761530345117961305e-02
5.057802476064817560e-02
2.692180815996485232e-02
6.503806477739000613e-02
3.314780140147324805e-01
1.059634510865332079e-02
1.668413482783220048e-01
1.245939371861369549e-01
4.313230688208430363e-02
5.324938452600891381e-02
5.114879834033819565e-03
6.839213272892523399e-02
6.251690518375647987e-02
1.496121925363363969e-02
4.318899355447265720e-02
1.274998000449447944e-01
8.797641385613651221e-02
1.484327962446508054e-01
1.506772977910300904e-01
1.894646330610555429e-02
5.742514420104950779e-02
1.649533000319265696e-01
2.292558083486026868e-02
6.058177899547115275e-02
1.657042439875749396e-01
8.582341266613607855e-02
1.001865836469421067e-01
3.831450359916183657e-01
1.223945046199499537e-01
2.291313061610166651e-02
2.691916703324411311e-02
4.485351521742834136e-01
1.038246882913133190e-02
1.685323392796206354e-01
1.322544999401786270e-01
1.554812403131859977e-01
4.181256714640597255e-02
4.958865519024614060e-02
1.569095375847641763e-02
5.201223926607698861e-02
5.236512657778383262e-02
8.519979303574431659e-03
3.368184720666499155e-02
7.321798476591433180e-02
3.908165989116845207e-01
1.121847861972568305e-01
7.528027529439549129e-03
5.581416918550431705e-02
7.925294190621953380e-03
3.822927388887110284e-02
2.377084787971661672e-02
6.676841463464903981e-02
1.187108053781167627e-02
5.156110020357318469e-01
5.935285298745452548e-02
4.718647823640814004e-02
2.329355794457306505e-02
2.092663294450999856e-02
4.970284153750709200e-02
1.121652350826074784e-01
8.338394989418454473e-02
7.822716950358545029e-02
1.525848579731040322e-01
3.687865394275105513e-02
1.512146965090447048e-01
1.187292920783401991e-02
1.170622459257484108e-02
1.961006041058678106e-03
1.565123242894755906e-02
1.972945818141387808e-01
3.014912869040852622e-02
1.962151383036866287e-02
4.734614004537066045e-02
3.436578855666798382e-02
6.786631428508331683e-03
6.876992679557936139e-02
1.122030883420685812e-02
2.973354182719887065e-02
2.399869248121786272e-02
3.920288131345348037e-02
3.778448189917531230e-02
8.411728000054833135e-03
7.635253403746799714e-03
3.629318544259743651e-02
2.780545828195017666e-02
1.351946739748126868e-02
2.355667694863688433e-01
1.758762209637710627e-01
4.370048077924650054e-02
7.125221271272070833e-01
1.058790058249002020e-01
3.979301956584520295e-02
3.011274853105467067e-02
3.429015396610745475e-02
3.491203741606488473e-03
3.997407071673600432e-02
4.036162250445097383e-02
6.448824586524624924e-02
2.074504751725015916e-01
3.529620944562289475e-02
8.587241794467532358e-03
5.181389997052404661e-02
9.094791944155247720e-02
6.438498834902230961e-01
1.816202327057679922e-01
2.547050025562737699e-02
7.221281217117146711e-02
8.557939134908236489e-02
1.003323278190816487e-01
3.172636740331521987e-02
3.581020225856229589e-02
7.376520926796543975e-02
2.972378847431662030e-01
6.197014090135254116e-02
5.572089427650322307e-02
1.283885984444927408e-01
1.566647889539612287e-02
2.656107251989887064e-01
3.934614344499873934e-02
1.719921256096743067e-02
1.766194049593360418e-02
5.567075155033868010e-03
4.631822482876998825e-02
2.232888140776470229e-02
8.410141035487722627e-02
4.301270713884147168e-01
5.509613731075234389e-02
2.638699236149500554e-03
1.447026699696518648e-02
3.005790318405878736e-01
9.222774297501415419e-03
6.822613176090620325e-03
1.999787746421040346e-02
2.297149460593866238e-02
5.060763324688972997e-02
3.981409455504702349e-02
1.119347426825820051e-02
2.340788958793617314e-01
1.711695931783220881e-01
1.965827362996532338e-02
1.134118200510699989e-02
1.502799883607013748e-02
1.141347563660501802e-01
2.483867674999499023e-02
1.089084095994014012e-01
2.931971343911853219e-03
6.637434810130210527e-02
2.266382185247509673e-01
1.469294469397564723e-02
8.603486812519879970e-03
6.424667277795126363e-02
8.010534037331247526e-02
1.003646029945747253e-01
2.553353994780431860e-02
1.020094626236647123e-02
6.275718071477337512e-03
5.656596573469598738e-02
3.446853998448354273e-02
1.299114409882222154e-01
7.627635337040705905e-03
2.038866843087487613e-01
4.675014894475730542e-02
4.348144216141743013e-02
3.672411644882979040e-03
4.378113554704284038e-02
2.465925346811330965e-01
4.486020305611226194e-02
3.170130489471756352e-02
8.662155718927641579e-02
7.571536980554748053e-02
1.916538020267271811e-02
1.315840348120158598e-01
1.543572508769808400e-02
4.100926930621646288e-02
6.090938106242169137e-02
7.094028404044608327e-02
4.076281425900804556e-02
2.478249421409384201e-02
2.620501191994625140e-02
9.600820420888941248e-03
7.458377537044286187e-02
8.486322571083163013e-02
3.330330328637402110e-02
8.146350413615899289e-02
1.441304453483645553e-01
2.625917314365297864e-03
2.668402512386491496e-02
4.567101739976414665e-02
7.360046759475373512e-02
5.276162186190973546e-01
2.361924495896706652e-02
3.675741089276151480e-02
1.690907263043806286e-01
5.415518825323161617e-02
3.737869758274270371e-02
9.926639341496251712e-02
8.376470466334427767e-02
4.957084577435634520e-02
4.301231226625001208e-02
1.152462398636253660e-01
2.650732335499432143e-02
7.521304482016528958e-02
8.084764174053848951e-02
4.241946012763715690e-02
3.586065334956641676e-02
3.956200615560669098e-02
3.366636735341763803e-02
2.630387206991706694e-01
6.391176634218956147e-03
2.161207662875669691e-02
6.086444669517758477e-02
7.111662674077329216e-02
1.704608920643483488e-02
4.587219198821522459e-02
1.394842068341426433e-01
1.267018982154209938e-01
5.139139652843732059e-02
2.360860853156212386e-02
2.383829538764159484e-02
1.957874971182045273e-02
2.094520721914398115e-02
6.308846768385324884e-03
7.628993481720759418e-01
5.155772729419336869e-02
1.474172959805120954e-02
6.649659587562763673e-03
1.180211734899691729e-02
3.809550674318998298e-02
7.508152753110423905e-02
2.641686553998224760e-03
9.318339697847634329e-02
2.273316989674750432e-01
1.745279219285535838e-02
7.401558578998370871e-03
7.357763716683862754e-02
1.245633673510328637e-01
1.053103012145371886e-02
2.089899625154659907e-02
2.945604254233654198e-02
4.847511316468057496e-02
9.719830059570092051e-02
1.163433491146746018e-02
1.220190762389985334e-01
8.039322973148933793e-02
4.113316252194849920e-02
4.158121936240474770e-02
1.962341129125431682e-01
9.399776517529944558e-03
1.841875033868347472e-02
2.228129104079962231e-02
2.980781141681849711e-01
9.642638869184889938e-02
7.711336675358639037e-02
2.874229396633486491e-02
8.113460021075345752e-02
7.669758411003244937e-03
4.514140351396338235e-02
2.629314781886091246e-02
3.519407157493176057e-03
6.167661328603041282e-02
5.290862715688468554e-02
1.909669146980986706e-02
3.837839710304801095e-03
6.090204542617048966e-02
5.347857463409906587e-02
4.066712106224535522e-02
3.453437287877791223e-02
1.177788976055813702e-02
5.320241912823509695e-02
5.026530438005328422e-02
5.446356120775557724e-02
6.492753927473680908e-02
1.744303886819160423e-03
7.024992979955016481e-02
1.080048367947036847e-02
2.725652678992380312e-02
1.980074135079721090e-02
4.474436269848235809e-03
1.038775230349157919e-01
2.365250313208870983e-02
3.933740894242961084e-02
1.921595451969981827e-02
2.993632447604178681e-01
3.001821690434527609e-02
1.901474839592295213e-02
4.824374056610297029e-02
7.432339183315121722e-02
4.120368110821354124e-02
1.015715410490545256e-01
2.156460610555874235e-02
6.736571377684240358e-02
4.330006185446277911e-02
2.540991588022700753e-02
5.430911822187836635e-02
2.038491740093550247e-02
1.806433249200113111e-01
4.449092434316474082e-02
2.833032932861146921e-02
2.702167657429577555e-02
2.159382729780854049e-01
6.995400122471000237e-02
2.260194930263354982e-02
7.481889556202697689e-02
3.258269425695512617e-02
1.625663416536908892e-02
3.264116211643094956e-02
1.209183016913710496e-01
1.889472397419395266e-01
9.454780684865249363e-02
1.239214082658570554e-01
3.783657032489348010e-02
6.797607010218104096e-02
3.655394712551162106e-01
2.275820235227339616e-02
1.793011567262377259e-02
9.381611096482743439e-02
8.042155050988945841e-02
2.019655456823013159e-02
1.273071228025651237e-02
1.034726299129295618e-01
3.288892552069576109e-03
7.379465306676888381e-02
5.080678208155348791e-03
8.129052534462544166e-02
2.772935614753005082e-02
1.995103400074219047e-02
9.598928849968685340e-02
9.902329938933454936e-03
2.886129869925741290e-02
1.536329533714087259e-01
3.051850807519176367e-01
5.131988522683286064e-02
1.274095220209289607e-02
1.238779275346025763e-02
8.575856178277986575e-02
1.196152779452628982e-02
1.931425072280992111e-02
6.424151543632111716e-02
8.272547160340960881e-02
2.127989282975307692e-02
1.017069176836564101e-02
7.203554716310394714e-03
3.710485790406716222e-01
8.893348335067993715e-02
5.249572594977212070e-01
1.005196744323022008e-02
1.767738577516279885e-02
1.173704982259468968e-02
1.278742760107555790e-02
5.008500009973867323e-02
3.086515857141438127e-02
1.923179369897804608e-02
2.296052707076723029e-02
6.045093316851176020e-03
2.302689069118949924e-02
3.085996930721927618e-03
2.553852981848006923e-02
1.190390892481077989e-01
2.066583846728300977e-01
5.854045970091877049e-03
1.941594292658789869e-02
1.123976221577285481e-02
2.486918069843753187e-01
1.702561524883596661e-02
6.516329791377078844e-03
1.733553148548332840e-02
2.425759031330915194e-02
1.992421276954004297e-02
5.168166715998781524e-02
1.878328996270459822e-02
8.275032986187359080e-03
1.867184443155842435e-02
2.237891259727034163e-02
5.205336479606225558e-02
1.264407190369442116e-02
6.287478785367080214e-02
1.577975152664221753e-02
6.686783027664028149e-03
2.698997534386106401e-02
3.339294028244589596e-02
1.815989773597486562e-02
2.255885033946387896e-02
1.191538920068838520e-01
3.113585571768436033e-02
7.709213194942006464e-02
2.594475010442244198e-02
8.494594460096520361e-02
3.159756024146200271e-01
1.691859708961654385e-02
9.516520194386778042e-03
6.046285202197074216e-02
4.154221561048113132e-02
8.880044974821386938e-02
9.255622547921411869e-02
1.487001464780312449e-02
1.910320302145522217e-02
5.715172510072817624e-02
3.840659089102069212e-03
2.374353063888446497e-02
7.348389249767895044e-03
1.767262765895162291e-01
1.660732872248749450e-02
2.310939209039905851e-01
3.737003537361643923e-02
2.335974478770315790e-02
1.602958111206590971e-02
7.782643850371528949e-02
3.950604118022305045e-02
1.969379206645441999e-02
3.382588391784135951e-02
4.342572982174191382e-02
6.252685216344411323e-02
3.313603742249177087e-02
3.844505379143212109e-02
6.301053632802358639e-02
1.004680771992796789e-01
4.418564595298014180e-02
3.186781189609081966e-01
4.439432390354970670e-02
2.423709922633633662e-02
7.997262405660258630e-03
2.411284491004398456e-01
6.918573799688249037e-02
1.082684122470819847e-02
7.086908832178866469e-01
1.488823967070763143e-01
1.114650833202245755e-01
2.605918312238959533e-01
1.631495114837137189e-02
8.484269625592820441e-02
1.107170096507356510e-01
2.316205322825292540e-03
4.301173041956534750e-03
1.968251826502515414e-02
4.151378839832925438e-02
1.361073599204190229e-02
3.050277548632420940e-02
5.619254156004418327e-03
8.603029302519225874e-02
2.241703887928644598e-02
5.882395174000307897e-02
2.536066468195796730e-02
7.520063523639296428e-03
1.392489977284670777e-01
8.045231379815153197e-03
3.197151245994812874e-02
1.015392419628020765e-01
2.710258417291691591e-02
1.788770579281027673e-01
1.782376720918724122e-02
9.917615470848437087e-02
4.806034485060924760e-02
1.116228064768434551e-02
3.586758662782041363e-02
4.166197854750982449e-02
2.690753741476256330e-02
3.829024506629161162e-01
3.028772926041154931e-02
4.507845088526593602e-02
2.436657865817108345e-02
2.518654583675967659e-02
2.902010407465976591e-02
1.086967757035056104e-01
3.250870644012983646e-01
5.703388901600414673e-02
2.023082502608001924e-03
1.552367675391767062e-03
2.089704299826587730e-02
1.927589251895661659e-02
3.966449677793974088e-02
4.299567556163406273e-02
8.909547226488628499e-03
2.190076008841234170e-02
6.348994611168101536e-03
7.157832178940579104e-02
2.332768909803848573e-02
6.311403819272448645e-02
1.028731707062187500e-01
4.562046020065309987e-02
5.106191748083064447e-02
8.715944751208201668e-02
1.618845920954758710e-01
1.633637761270257532e-02
2.684601132715567356e-02
1.447815001417590564e-01
1.974459904577162417e-01
3.217963114577158668e-01
2.742512419912205082e-02
4.696408388272250989e-02
3.606908135475114796e-02
1.213844212208363971e-01
2.020716188146846198e-02
4.260841934786148422e-02
1.175484240621524519e-02
3.706458590332197683e-02
4.528310659972524244e-01
6.935835744797669289e-02
1.138925117373996709e-01
4.418307389412382685e-02
6.572284423101834583e-02
1.428860482611492844e-01
2.015007241926086018e-02
9.603574570660641796e-02
4.309787987283828295e-03
2.575133540569425339e-01
7.744947332466783560e-03
1.453097011636514217e-02
2.430998585177183424e-01
3.044380477595750104e-02
1.657179705456538268e-02
2.972997377707867761e-01
2.170406072717339860e-02
5.180021710053786532e-02
7.539277674844141464e-02
3.209237523533792907e-02
7.751864468579545975e-02
1.296091529302456635e-02
8.854040453731376603e-02
2.416692889837067371e-02
6.984907334702605830e-02
6.335211638044013771e-02
5.032415014155512678e-02
3.135902388339334088e-03
1.137050588385556116e-01
2.957071735892247838e-02
4.853536132159377500e-03
2.063425330990600534e-02
2.225108699754056382e-02
9.178031226503553450e-03
1.026716974252210590e-01
2.465974611609162703e-01
1.185465344932915693e-02
8.122999963231246345e-02
8.353024339398594858e-03
6.778322256650001765e-02
3.968759528257509439e-01
2.034558885982403614e-02
2.804773016893797877e-01
8.407836068427984588e-02
2.572145213880339676e-01
2.638170432577393795e-02
1.351636248418452702e-01
9.890575356272419960e-02
6.542222522369535442e-02
5.480949915427302949e-02
3.144973025446074193e-03
2.211806137277135334e-02
6.272791631239264809e-02
8.436234438096794006e-03
1.652720884887635411e-01
4.798174470582894369e-02
5.758666885027340782e-02
4.116842039366894884e-02
8.781232620446040305e-02
1.098023612064123397e-02
5.064646894728754012e-02
1.322759040292099675e-01
1.457420731216745868e-01
3.046754842808338873e-02
8.670866988102435280e-02
5.839325667741785547e-02
1.697417134222683199e-01
2.643037255852810907e-01
5.297859758332763847e-02
5.708086489237180344e-02
6.744828833430623061e-02
2.738384288380765752e-01
3.539985467949572501e-02
8.073787492013519973e-01
2.116458475118476457e-01
1.165192840786657275e-01
1.082749349216041296e-01
6.463059823836421469e-02
1.022659062732719087e-01
1.492718870119906782e-01
2.680101263923366159e-02
2.243750426352619440e-02
1.173495163373736022e-01
1.346794007480860318e-02
2.292534079632753755e-02
3.332823072680035636e-02
5.623966531467233104e-02
2.853272139371845206e-01
1.340583462278390967e-02
4.571089981606000358e-02
3.899529942980658938e-03
5.283025560599462905e-02
1.088990754425006452e-01
9.282515607220598319e-02
2.169259257490085621e-02
3.743359036263391518e-03
2.137439839444707779e-01
4.154371291716307812e-02
9.216841217276304510e-03
7.204738334530876032e-02
8.303947584939914972e-02
1.223691760220382797e-03
5.897603462531006424e-02
1.125084862499521332e-01
3.848141234760298068e-02
3.189110246806196175e-02
9.477954999878359169e-03
4.456917017543439441e-02
4.857125617172349669e-02
7.307191221272714421e-02
1.436000106291646615e-02
1.111792603363892101e-01
2.920738402518866308e-02
9.379773665690535611e-02
1.451382154519729843e-02
1.770428823430866827e-02
1.219813015695058595e-02
8.080973454276054249e-03
3.936002214797756221e-02
3.982760545366671040e-02
1.716582947971706172e-02
4.935425194928353410e-01
8.844473163660120443e-03
1.480022921043790823e-02
8.499667096987063852e-02
7.283835778449790355e-02
1.562797817235481446e-01
3.975010977029859449e-02
2.234796441764004549e-01
3.633020164407927636e-03
5.080516204220218192e-03
7.740546286719514335e-02
1.694676863227203845e-01
4.918044409637593178e-02
6.696474062650521752e-02
1.214331394522307067e-01
2.920991632734717958e-02
4.096957604479379428e-02
3.732223008136824616e-01
1.753849570952688286e-01
8.942177004114489069e-03
2.222908060867686414e-02
1.620227185561734159e-02
1.349596895135810742e-02
4.712512754868890957e-02
2.508341667015758988e-02
1.829290864762511681e-02
1.628678574879249483e-02
2.275217351467084120e-02
1.654411625351985271e-01
4.137056843786340865e-02
8.606110931623388305e-02
3.521413690063181223e-02
7.961789181860117609e-03
8.092816775063781456e-03
7.854814486056916831e-03
1.107175273678752403e-02
5.156872937201391338e-02
3.771266815930420652e-02
4.386057837437625645e-02
1.082746634631291116e-01
3.861461040700192582e-02
9.405579647053319281e-02
1.601810060224303361e-02
1.966161974381206920e-02
2.342058424251615076e-02
2.564337547188113089e-02
2.343954310049338116e-02
1.742397880450304807e-03
1.393176493072366962e-01
1.770822427109628727e-01
2.669292766711681142e-02
2.217383186002346018e-02
2.150383928613843754e-01
1.292886409254243862e-01
1.707352989860539960e-01
3.675238037435932942e-02
4.941251290146780883e-02
1.178037835764262665e-02
2.373182162324042055e-01
7.838060803523613090e-03
8.397565052309083344e-02
7.588072545267814384e-01
2.924487050790521014e-02
1.107955046203820161e-02
2.814179185585326953e-02
4.552323908158974197e-02
4.560671559988439122e-02
1.368475231750402310e-01
2.784568012427814793e-02
4.009637859927242531e-02
7.415913954174797873e-02
5.453872396940893236e-02
1.459815107855943518e-02
3.576318274897341554e-02
2.573883296918648769e-02
4.055330412055208750e-02
2.499984398521279405e-02
7.058710030823160675e-02
3.383074657036631155e-02
2.941432543637983316e-02
2.879699108765687923e-02
8.768986147481799831e-02
6.486505466144053267e-02
3.789356505541982556e-02
3.670710343205080967e-02
5.328050026676152406e-02
5.193386864049927450e-03
1.265803732480711152e-01
7.766984652124567234e-02
8.456818096917975702e-02
2.023074344409655362e-02
1.782699067091903788e-01
1.865756828164603573e-02
4.800246034786951888e-01
1.020335121514128890e-01
5.477354826928289983e-02
1.660770811498832600e-01
5.830284696180260823e-03
1.186736727343276621e-01
3.121763101930064704e-02
2.208641152831226917e-02
2.587239501333894742e-02
7.427291166834300296e-02
7.294837775833609705e-02
1.744694998930698404e-01
2.500323169854021949e-03
9.379906062559759117e-02
1.853373486209194121e-01
3.832316397527666535e-02
3.113228711814604657e-03
1.310754631100560959e-02
9.930472464923859044e-02
1.316060105794768231e-02
2.298778977766791423e-02
4.606317326789732131e-02
4.463734477410632312e-03
2.767823136906783985e-02
4.850616591732921645e-02
4.897223516273268434e-02
8.130668571961629718e-03
4.134864607084163396e-02
3.278962249851695432e-02
5.567699903358745012e-02
4.648932885985560676e-02
6.315701237357002062e-02
3.236004022093190435e-02
3.871635381726036551e-02
9.137822483096174481e-03
4.158171213898659291e-02
2.972008053356098994e-02
6.264010056851510022e-02
4.357024250960403640e-03
4.763076465289797085e-02
1.067815183982058838e-02
7.640371424837087699e-02
8.016991710251615555e-02
1.322770597598441900e-01
2.169875355873504552e-02
4.273176835655084216e-01
9.251111551134756986e-03
2.989772117412169972e-01
7.737286757013892881e-03
2.834611785271549597e-02
1.475868693534619913e-01
2.846983255724599288e-02
4.771710061267286224e-02
3.456093875108645630e-02
1.236706662151426314e-02
9.938096642419735893e-03
2.591474217808370159e-02
8.488719628013198515e-02
4.416187341051465154e-01
3.294530890077836116e-02
7.497387461159855937e-02
1.230625717477532161e-01
1.955353299676174939e-01
3.584996381558440415e-02
1.867957633402688444e-01
3.392764244313020011e-02
1.242045929639096604e-03
3.241548573626411994e-02
1.451431641448396315e-01
1.711750250342768120e-02
7.653059852342815328e-02
1.052168534260654875e-01
4.466909568238903311e-02
4.820180852876668892e-03
2.031257073293291776e-02
2.366290372799397662e-02
5.193499273383432938e-03
1.200715741409488641e-01
5.953716445028395948e-02
4.903396343951696434e-01
1.467357694372823096e-01
1.599142092982969443e-01
1.341273040182370813e-01
1.411008232072347851e-02
1.658029613625139898e-01
5.158820955524831553e-02
3.024681127296680733e-02
1.882853248111703362e-02
1.710202453536729117e-01
4.783124469877981372e-02
3.345845525864286213e-02
2.734529551511472034e-02
7.364428779944195980e-02
6.679452572614645589e-02
1.331031925473461983e-02
1.388463546063233543e-02
2.520492352157885016e-02
1.875617579821037620e-02
2.819413245270446441e-02
3.835907762965782841e-01
1.540982300835981415e-02
9.193228029738852169e-02
4.623433915469701491e-03
9.610329641377493570e-02
1.427900893210155286e-01
2.134934350821148519e-01
5.573050201264666548e-01
4.629855676362110151e-02
2.963891396228943709e-01
1.738063024345653726e-02
3.994936393610238473e-02
5.357923913722988443e-03
2.065625156888193509e-02
3.009423236590870812e-02
2.384024007890852420e-02
5.138953185522972950e-02
1.088470210449155179e-01
1.162833758691315944e-02
3.228215616337407751e-02
2.877969541535101844e-02
2.735035602473781177e-02
3.826027138491899793e-02
7.032976474212240814e-02
3.278884008625433666e-02
5.727226055617971878e-02
2.776408467275940165e-02
4.487310991012492985e-03
1.102292719828304873e-01
6.950275710501122896e-03
2.359165772002569730e-02
9.334488936668941528e-02
3.300243186802549137e-03
2.151446700480907914e-02
2.806733815293068757e-01
1.269085038761258791e-02
1.662358336117487553e-02
5.972733229657107429e-02
1.277942569119027150e-01
2.122111513736335206e-02
4.737892468294156029e-02
1.014704968604842814e-02
6.866325584154142105e-03
1.353931667381522846e-02
1.960159210748993117e-02
7.081502478524763500e-02
6.395587858757190158e-02
4.173061846528660634e-01
2.276092590310298952e-02
1.447770353376108265e-01
1.310828784023015392e-01
3.259497524962278597e-02
5.708837673500684329e-02
1.648741437946530872e-02
1.953708056505643401e-02
9.140532498285505736e-02
7.652535148642221341e-02
8.775963511962374397e-02
4.134100254086874870e-01
5.994947304618825079e-01
4.706224025179620712e-02
2.373202746833042581e-02
4.729297241300794985e-02
2.181553080292557636e-02
1.954833565922297831e-02
8.844867465257964800e-02
1.170359436210892529e-01
9.885522690807151125e-02
1.131541688883802230e-02
3.039685847839573296e-01
5.332526852379947113e-02
4.192486295556437093e-02
9.334404558191840284e-02
2.256857167910053530e-02
3.720019501113925459e-02
3.961174502868304581e-02
3.903075828478869136e-02
2.466249449159007429e-02
2.524993708937356418e-03
2.235167207202725520e-02
2.108984162684555963e-02
5.242173382647769692e-02
4.152292007135398311e-02
2.829353918508414889e-02
1.187117336433992330e-02
8.743259440085494882e-02
1.031362675086131518e-02
1.670545246116128535e-02
1.015237624650556642e-01
3.313235095867137631e-02
3.543745081518581697e-02
9.355624909002159539e-02
9.246986409932593520e-02
5.302836356390356470e-03
1.857417584459100310e-02
1.112404871661239712e-02
3.170330242049489156e-02
2.019308771909214817e-01
2.600499499521939650e-02
2.623597794739505190e-02
1.025360527334336497e-01
3.621323432738836612e-01
3.912214175158150453e-02
2.343244380203058849e-02
3.149796571102488063e-02
1.700490416917078279e-02
6.499130852216093365e-03
3.196938461607745814e-03
2.737870476282202800e-02
5.574449538928984843e-02
1.774538102674489207e-02
6.349670179775088186e-02
1.766774153296186978e-02
1.581552719760448977e-01
8.678616635123606593e-02
2.402791514719057955e-02
4.931561995477841409e-02
4.129885610352063835e-02
8.085483648075406093e-02
7.040523557326546777e-01
1.161886071039601280e-02
2.329164515728024409e-01
1.824277869301897947e-01
1.014194188856436807e-01
3.235086156116905726e-02
2.689813951801586431e-02
2.696161402057279874e-02
7.493092286233618560e-02
3.797650591123196556e-02
1.174457398270397634e-01
1.624573872933272045e-01
8.399430845693102443e-02
4.318954109475290487e-02
1.087665721976746047e-01
7.597017620484423084e-01
1.853186292229795362e-01
1.360045078369616078e-01
2.911462344842876554e-02
2.696390490722282152e-02
6.833328768238573769e-02
1.098581966430517975e-01
9.064441306370149207e-03
1.132864026239617516e-02
7.438969955751288665e-02
7.178682114307247120e-02
9.325315656188762001e-03
7.387113807510577168e-02
1.974589717354479843e-02
1.368464907502985606e-01
4.497092886661930439e-02
4.590238764772031077e-02
2.470097444441067894e-02
4.927456282523665076e-02
4.162831951995778212e-02
1.621601984378896397e-02
4.281768989524248337e-02
4.113077548968905456e-02
3.793997840739721239e-02
4.912219350133608525e-02
1.365073379504789207e-02
5.537074857553049741e-03
5.901405198297931219e-03
8.676035886029392907e-02
1.930407376323844959e-02
1.225659969494365641e-02
3.109445302564163571e-02
4.353836936122522372e-02
2.302762805678569835e-01
4.006480845849574174e-02
7.440179815672333385e-02
1.104162210098780066e-02
1.583627761096252362e-01
4.112655279170820966e-02
7.063242092916825754e-02
1.733468156291462919e-02
7.996111604742424731e-03
4.314286433797762665e-01
3.765379825859849899e-02
1.998166725394572574e-01
2.138010729508401375e-01
2.166929877658998332e-02
1.390298889212814026e-01
4.544974468724136130e-02
7.225582725201711021e-02
1.359311910082025912e-02
1.639323455114004638e-02
2.493913826216305127e-02
1.195320932521855110e-02
2.062352754645236652e-01
2.561812341671640056e-02
9.669429507364635246e-02
7.215394708653316558e-02
5.334496237889103931e-02
1.651904004133486481e-02
4.109078622021134497e-01
1.693372540258757455e-02
2.369327125193675457e-02
1.065421557356220628e-01
2.142947519693519376e-02
1.263400438099795409e-01
7.076370311086553622e-02
3.826173274392496299e-02
5.407314254068972259e-01
3.652253608647539063e-02
7.940732375087904138e-02
1.318848609500043734e-01
1.368251252134343281e-02
4.179956787652228112e-02
2.797954925248789457e-02
1.878677271122970172e-01
3.683975266418583472e-02
2.592712527518567164e-02
2.117048713256755588e-02
1.257895539158986054e-02
7.771648548200107975e-02
1.506606377350420134e-01
9.272757137822386711e-03
3.032470888489931585e-02
5.358902153219759212e-02
3.888815220800007078e-01
1.110198357245365322e-02
5.324620979508923324e-02
1.104907186087575183e-01
1.274172282732962888e-02
9.399980899724828115e-03
1.908109623265770438e-01
8.080832935322457278e-02
6.930014246607553441e-02
3.538754332683089476e-01
1.379457527858227450e-01
1.255981013964130311e-02
4.242105634112113693e-02
4.176299329427528989e-02
1.606135351038026279e-02
5.845040777610926996e-02
3.275181106755703508e-02
3.236104271841359209e-02
3.579928275915186114e-02
1.565815569197509249e-01
1.075553084663293940e-01
7.272877351021851677e-02
1.665438679929878985e-01
1.930084300855718360e-01
5.842795687919605935e-02
4.451601966119973774e-02
3.549487880041853061e-02
5.627100510239332193e-02
1.459910623789884877e-02
3.949896990262866808e-02
2.426644374218331346e-02
1.171773122902017468e-02
8.299587450159974511e-02
3.597966068514749788e-02
5.503565947544922232e-02
2.308367278701540376e-02
5.628494977435430369e-02
4.106844927301967103e-03
3.417285781476728929e-02
2.376408950187996680e-02
4.314876465279993828e-02
2.856198541549961334e-01
1.420987553750263643e-02
4.432980538362669282e-02
1.952450462894871619e-01
3.795604153809560566e-02
2.917712694467705092e-01
1.831139328559762136e-01
7.123513094537302186e-03
4.943697963336889795e-02
2.332715070046155817e-02
1.202402852013867776e-02
1.633820326000305911e-01
4.873537483934281545e-02
3.888677067167079643e-02
3.828193334632468831e-02
3.489014309641766398e-02
2.392108371683941692e-02
7.506768617633424734e-02
3.121221115638152938e-02
1.326367000701721491e-02
2.083276213815405398e-01
3.984606482264736738e-02
9.633920923782833892e-03
2.489487011959372331e-02
1.596466353370016300e-01
1.890159756411238789e-02
6.103255525835129917e-03
3.891726215184694582e-02
1.670697666969420819e-02
3.666814271810059922e-01
6.495397414187839558e-02
2.707627172995219836e-02
3.807563102048032444e-02
2.173182283913397961e-01
8.131200136339211682e-02
1.338270420545690231e-01
2.929399725610320332e-02
3.029246212499554780e-02
1.554015218039583035e-01
1.712257221110865049e-02
6.869465743002875317e-03
2.289803910208839527e-02
2.440373701879535590e-02
1.029081681739985217e-02
1.185962160488251114e-02
6.588279919052277001e-02
9.492683340617943596e-03
3.614996282586530746e-02
1.777533815466555978e-02
6.726215978824884312e-02
1.032371317315381037e-01
1.237812227544473481e-02
1.026868515323710457e-01
8.893520730240661587e-02
2.510492319312189122e-03
7.902661849409185757e-02
1.728718286836872925e-02
7.245501583560437497e-02
4.480826947370188107e-02
1.162624873082073462e-01
7.087378003358764389e-02
6.575902565261151911e-02
3.586379503740135671e-02
2.329764008356074306e-02
8.086331612123022483e-02
1.159601548455029690e-01
2.281811165417205883e-02
4.854423401635726831e-01
6.713296540436901327e-02
7.479753105743973049e-03
7.802816293495656863e-02
1.417523403845813088e-02
2.277726033946149767e-02
3.449843619410224854e-02
4.159387306794946199e-02
8.900387934583369950e-03
7.051285250049206532e-02
9.252245312856257620e-01
2.642654324487398940e-02
3.687916463705711440e-02
2.462799196548728226e-02
2.669845915906150779e-02
6.790652920377357460e-02
5.972016889577530518e-02
6.119245934361074168e-02
2.001508742149932241e-02
2.626848951156321790e-02
1.815104690037091725e-02
4.051651009102960610e-02
2.130854755986456295e-01
3.025180227464749697e-02
9.659168219365979469e-02
2.962124280076840199e-02
1.147635521494027033e-01
7.033266663735987870e-03
2.814157991219121135e-02
1.961101389981385890e-02
2.014320876807552396e-01
4.296789707917247902e-01
1.352887314433522115e-02
5.497853759619113490e-01
3.885884126572129726e-02
7.913071003359568520e-03
1.187378036954885030e-01
1.026277269436767503e-01
2.474312961773180927e-02
4.614386742391981058e-03
2.918333524042244359e-02
7.805853449222624474e-02
1.715744671826508957e-02
7.668574037288722334e-01
9.117961260209956828e-03
3.690521978982895523e-02
9.676245801091217652e-03
2.062549434483660835e-02
2.748024969429794032e-02
3.663349625018531147e-02
2.895528384609509162e-02
1.874027907406850268e-01
7.037329629978205173e-03
2.135784224744110768e-02
2.523621470826646618e-02
1.270559112394969818e-02
5.890515474560466952e-02
3.673815613877395858e-02
2.524859575369734627e-02
2.196302249343956570e-02
4.861590466653021442e-02
5.327635266633529154e-01
9.106520796204571611e-02
1.492898028680295919e-01
2.013366067583839333e-02
5.102539394137144413e-01
9.274540378452893544e-03
1.147247526391957130e-02
5.927133924061572801e-02
3.720593216885783594e-01
9.895068756433297863e-04
2.460961359628687645e-02
4.932638316494072916e-02
5.871427587566609985e-01
2.666205633075346623e-02
4.776607091734877408e-02
7.852679393213900239e-03
9.952973873595587218e-02
1.051552149269370240e-01
6.610598447705959280e-02
7.639157948140073984e-03
1.130360005174602979e-02
2.210550058147204081e-02
2.076452558266504156e-01
3.408360861328432051e-02
1.835140939787866746e-03
6.885730900199586724e-02
8.749021787428187813e-03
1.117742152877602806e-02
2.700103906481306562e-02
4.419528785831951245e-02
6.276081894669455208e-02
8.994043709541256482e-02
3.049883089256609503e-02
6.296100238465665577e-02
1.308851060066143490e-01
4.503145070211074519e-02
7.267825583434162420e-03
8.164693795660882270e-02
2.001137456991233451e-02
7.319832150755696543e-02
1.807418411816247572e-01
4.774110511270686363e-02
3.075913294085979438e-02
2.902952738156726054e-01
2.103790578140971035e-01
7.454716292022198210e-02
1.962082413249544369e-02
1.228522398137352062e-01
1.753229412061546311e-01
3.198415436468016182e-02
5.201128270287572186e-02
3.867329595723389968e-02
6.319315879000737823e-02
5.625213014004851186e-02
4.824759319710934455e-03
7.254783920730288604e-02
3.161198718250537651e-03
1.197246259998415406e-02
7.091791321399713854e-02
6.165834539838489781e-02
4.714197484237429153e-02
2.274500600653391047e-01
6.876712517092423149e-02
9.277177325178069534e-02
2.799524203604422321e-02
6.196231898276024358e-02
2.638531159927798297e-02
1.571345847233822715e-02
7.058317195979839365e-02
9.314178552305035774e-02
4.346272184369503327e-02
1.522819922857524162e-02
1.402416165375203368e-02
3.840156457238290411e-02
5.104627396316193527e-02
1.324994797883898567e-01
1.923782437405320012e-01
9.652254839017979093e-02
4.933595566349099210e-02
1.466778436048318986e-02
1.293515130912251676e-01
4.219614631175017117e-02
9.278881875438543814e-02
1.054718422681003298e-01
1.338807237473879294e-02
1.041416854120955221e-01
4.747008823688563250e-01
8.858959865485531437e-02
2.446403956070490604e-02
1.593303249365623370e-02
5.311645826636410966e-02
4.817196837034737333e-02
9.516913768595961290e-03
1.202117211719063994e-01
4.426035793202298674e-02
1.454655589584406272e-01
6.164428443990682682e-02
1.854063118466890009e-02
3.505831338164701050e-01
3.406494307423070522e-02
4.213589445076457163e-02
5.774589274098745895e-02
7.444775899867132896e-02
1.282369668197239077e-01
6.100788814736121668e-02
6.084183195373661646e-02
9.043122019049427626e-03
1.122584409108202778e-02
3.594952488708391680e-02
1.269899354867543295e-01
2.753758719246117426e-02
1.070408955497016180e-02
3.354208156042881583e-02
2.989253132596795745e-02
6.133079341929100967e-03
5.816901637477889242e-01
6.116642416509424779e-02
7.771718137103403312e-02
4.977192285625423041e-02
2.082809114426229478e-03
1.802543730243995682e-02
1.926991605979974931e-01
4.233928224285479214e-01
1.318192513779393171e-01
1.641784560894811729e-01
1.641066493660459785e-02
6.396388763583054672e-03
2.898850809234630038e-02
1.082975293713530629e-01
1.655267440495510056e-01
1.289424533358952130e-01
7.063318034393326061e-02
2.629944663407878802e-01
2.764165766323411488e-01
4.542537686699784499e-02
1.542711017040251931e-01
1.837226398768436811e-02
6.184365885475907598e-01
3.345618734649754428e-02
3.216208484123068284e-02
2.858840348431841982e-01
1.231554012195447273e-01
6.527083935924512526e-01
3.316518192336049276e-01
4.988463286612607878e-02
7.061932445160037375e-01
4.689084019751570132e-02
8.472963693961617360e-03
1.164191116513658003e-01
3.691140344186406852e-02
2.018430657964489366e-02
7.856014870088674773e-02
1.317477294042990708e-02
2.111737027621432214e-02
1.437751214071151529e-01
9.198944122701486689e-03
2.111159904565582390e-01
4.330156601309306102e-02
6.947178839032429332e-02
1.707709391368917792e-02
3.074346309499793178e-02
7.148063290645396972e-02
4.358601628235243830e-02
3.493535114242154321e-02
1.001397067507451832e-01
2.560549478248952404e-02
2.119144743198805511e-02
1.864878233645964403e-02
2.436018005042105920e-03
2.931216049819040763e-03
2.619836492536254183e-02
4.813027691565463506e-02
2.280960691058090406e-01
5.701855571711168802e-02
6.219654256564968731e-02
2.326547865252099334e-01
3.461204153810278766e-02
6.636725622282257930e-02
4.641753264487179231e-02
3.516527177323122699e-02
7.997867198953657886e-02
1.947351296020855826e-01
1.443334328487586374e-02
3.333887253924048832e-01
1.415839519666687862e-01
5.776485371559964693e-03
2.320798908001817096e-02
9.120494099260941304e-03
1.312079957983042222e-01
6.034824962254873443e-02
5.211063268590179764e-02
6.489765733199465148e-02
3.778657005688782627e-02
1.211806156046659443e-02
5.609208844519029263e-02
3.562679385173560948e-02
2.399346562639686695e-02
6.794598870843314431e-02
9.286649885017197667e-03
1.286725347313920631e-01
4.081507938328736429e-02
5.202807900716367208e-03
1.317797601174310052e-01
6.657337191470950877e-02
5.504233865485977373e-02
5.045924871297494119e-02
2.239355364031350715e-02
8.010602975266057496e-03
2.015957306537124669e-02
5.824187604887769848e-02
1.997314412637401018e-02
1.167744932496522087e-01
2.514443900581687930e-02
1.222906234209272802e-02
4.596991299726142094e-02
1.069199848856694779e-01
1.310477532307160742e-01
1.839266679018213349e-02
1.911584947789755559e-02
3.491227671312011147e-03
3.499179385637638667e-02
1.914825202040297200e-02
7.459020153270931597e-02
6.315330304104794373e-03
3.013775795664471163e-03
8.664874232996522263e-02
7.065316178443067918e-02
7.235110823329489460e-02
7.591392777019100035e-02
3.496273709260868112e-01
8.333690913353107577e-02
1.804610404498338261e-01
3.505977729778744778e-02
2.546826961959692409e-02
7.808727322847087982e-02
1.371758268546285214e-02
1.045531445746316346e-01
3.395507298273195418e-02
2.730279005024659478e-01
2.407753745048406627e-02
9.269800078526978238e-02
2.379544525313972980e-02
3.399562679977967405e-02
3.956047636623312436e-02
1.677908885699117350e-02
3.524425052564449795e-02
5.282408927010864286e-01
1.267693076144420228e-02
1.639361876228659365e-01
1.864969045101157463e-01
9.042661757980439974e-02
1.881451803092786673e-02
7.303856235869192297e-03
2.845774304301016550e-02
2.494569751024992149e-02
1.530830577925132267e-02
3.062044036703891539e-02
4.835822840459231414e-02
2.583598770520775800e-02
6.468818154352305727e-02
7.181096707260133105e-02
1.429427089270368101e-01
1.502946221832450642e-02
2.561696853218490277e-01
7.873662503785429090e-01
1.079217421381215014e-03
6.930214495317470191e-02
6.643127277550442411e-02
7.327151254975028394e-02
3.117355039184527277e-01
9.185845862900728076e-02
1.591874706378899884e-02
2.720084237045500286e-02
2.292110267627486819e-02
4.313899964516258040e-02
6.764651130601866125e-02
9.855449667804027855e-03
3.697831260440944540e-02
4.329519964731919079e-02
5.991390555927861294e-01
1.255161105726988573e-02
5.700629274833641374e-02
5.095209445524876563e-02
7.696233522217692941e-03
2.598918119777367947e-02
1.089487838037024731e-01
4.529375393819152357e-02
4.803204980800805657e-02
9.495119797855784693e-02
1.937253346269362381e-02
3.865537057574122692e-02
1.636308331288401086e-02
8.941928097148388321e-02
3.294632658803835906e-02
1.395258023222398745e-02
7.274876025907992330e-03
2.370326279516783360e-02
3.684322453227136807e-01
2.177847607367523752e-01
1.328146115871989968e-02
1.493813918311137634e-01
3.842849241873971811e-02
1.614242150667487968e-02
6.032181480449189115e-02
1.190017296029068777e-01
4.163497987629652397e-02
4.293490351917677444e-02
8.739822681467056265e-02
1.354979057534194120e-01
6.410790533293520867e-03
1.399342069677856071e-01
3.615123571628119786e-02
2.297606176405186940e-02
3.272662314986091170e-02
5.700243479475207431e-02
2.637241545591709896e-02
4.557197978678763362e-02
6.648885686978378562e-02
1.905933574408070347e-02
1.858827230909880779e-01
3.019416215949146526e-02
1.724365788506074942e-02
5.403876927853089318e-02
1.983937162500362117e-01
3.912349399888429002e-02
3.117125412345819399e-02
6.396162298835135207e-01
4.290169907654049763e-02
1.583256716550067444e-02
4.969377185587174617e-02
8.492351661382696593e-02
6.787514355177831638e-02
1.804130149534526883e-01
1.200491381865466736e-02
8.168461637938333186e-02
1.380407259833430489e-01
2.713504342492891255e-02
7.211466885624528977e-02
4.702468918205945925e-02
4.954230511985391328e-01
1.152294781284233932e-01
8.286463531314024883e-03
8.963300521854923597e-02
1.585423569725613324e-01
3.095979094194359002e-02
8.937830266403771345e-03
1.161674505924159134e-01
2.584110840940184173e-01
5.143385749360412929e-01
1.534757039951079038e-02
3.381360858426137733e-02
1.085520440185174795e-01
6.064371943117199959e-02
8.518991112080190331e-02
3.070809040951404112e-02
7.328249770389340390e-02
1.398235814189769388e-01
5.692359254502451366e-03
8.508309771171174152e-03
3.068745729326211730e-02
3.451250780323599030e-03
2.557106925379562523e-02
1.938891451671795763e-03
7.621525353403194036e-02
3.112362535529405311e-02
2.133007795573156964e-02
2.979225482963621108e-02
1.730314798269109652e-02
5.154880954510915325e-02
1.928613562189625610e-02
3.416178831714356684e-02
4.377312832877763155e-02
3.600623557614444914e-02
7.823111980822940181e-02
3.938347527414094024e-02
4.295093425873851289e-02
1.729988452062322310e-02
2.196983747326822223e-02
2.370130371757578694e-02
1.120353403595314955e-02
1.322387536891374976e-02
1.669731122184991701e-01
1.405207289647293807e-02
6.298908706752413822e-02
9.738440842081946824e-02
2.615251701876071880e-02
2.690077741520828514e-02
1.193615762095119430e-02
2.862815423047471858e-02
3.310685201367299380e-01
6.337430350016427967e-03
4.851952968289750118e-02
7.082344404214334366e-02
2.434910624665265200e-02
9.366827654438183645e-03
3.234527497640028032e-02
1.189467900712037375e-02
8.028728151614780706e-02
2.345282631325280864e-02
2.043013523199777026e-02
1.755900157023889685e-01
1.222477041940075726e-01
1.004015789924659202e-01
9.385047567261142754e-02
5.705290026859698854e-02
3.564713830613343293e-02
1.680026157320136868e-02
1.781027194049593643e-01
5.743871954425597837e-01
1.381735236984678594e-01
4.103628615494816362e-02
3.652267408421048384e-02
5.233674872750285027e-03
9.488845427659371723e-02
1.686712447070158605e-01
3.224297475079281744e-02
3.118719039090848619e-02
6.634241085204488353e-02
2.927371807629023520e-02
1.424503079167683817e-01
8.020839818252083198e-02
3.576413060474141394e-03
5.379566091087769480e-02
5.247050294439556395e-02
4.891862541876227516e-02
1.962141807279501465e-02
1.402380503112196294e-02
4.333800629890014605e-02
3.822506587218436891e-02
6.846529591005329207e-02
5.361085224785176739e-02
7.630390739344244944e-02
7.036507378941647683e-02
2.336979060570099770e-02
1.321470104502891693e-02
3.550719347258670527e-02
1.096346576366226400e-01
3.637608092341552968e-02
8.122900577580437209e-02
4.325066258416863929e-02
6.965945187347959144e-02
1.485084112895721509e-01
2.624483627798042742e-02
1.652911108367629001e-01
2.419146335886117327e-02
4.930523176443398770e-01
3.133574441275176897e-02
4.922953625693501922e-01
2.688812940763898318e-01
8.858061203194361743e-02
2.035137873316193377e-02
9.160744473861681669e-02
3.385865486280523196e-02
3.720198799112408444e-02
6.314770658379938173e-02
1.305746352909914129e-02
6.186086341380775400e-01
3.293206694579348375e-03
2.411659088005166721e-02
1.531438569634537561e-01
1.776678971816925828e-02
4.355830816124861560e-02
3.135709236580332820e-02
1.258026697070441409e-02
1.547032696373803855e-02
1.150577371234347279e-02
1.604536976685919450e-02
4.839585056702718630e-02
2.408416243819939406e-01
5.834554422032053878e-02
1.085025440740910729e-01
7.820545839863476956e-02
9.855597407489145867e-02
3.487659295987666913e-02
4.942854481225953528e-02
3.192360142111080878e-02
2.920693780346187429e-01
5.069134753228927287e-02
1.569875505105520000e-02
4.502916698271972398e-03
4.817729819988784967e-03
6.010802928624944808e-02
1.656583190826866336e-01
3.723468535030987070e-01
1.351509120373809401e-02
5.838001773463153965e-01
3.791782022944909653e-02
3.488981612735581050e-01
1.885522015116440908e-01
1.049147713675672028e-01
2.715568351839692945e-02
6.864544668406889066e-03
4.373037782082098146e-02
4.169729913182826375e-02
1.322181937499921356e-01
9.861647285554807352e-02
4.266683498897028137e-02
4.268256472602240115e-02
7.552257476672762093e-02
3.760290083146605039e-02
1.221794477320302559e-02
2.303245868152800080e-01
2.565512438952065061e-03
2.657691824624692709e-02
7.551105053193803152e-02
8.531407641820888677e-02
8.593975440138522381e-02
7.307748268719382878e-03
1.271383098009153112e-01
2.559561761749267750e-01
5.286431616492976750e-03
3.480010158678188692e-02
1.794119378876168555e-02
1.572325078327459907e-02
9.962698627207226820e-02
7.281657973157115715e-02
1.480877712715319636e-02
3.042569390549930419e-02
5.815744475855902373e-02
2.774570711685026697e-02
1.091534542306866473e-01
4.886756783719378716e-01
3.157595670033033850e-03
6.532880213999611718e-02
1.906059394386076800e-02
1.112882459136860236e-02
1.579050686692408736e-02
1.012834501373279378e-01
8.412229118194688993e-02
5.942154273437456197e-02
2.025798510364955687e-02
6.167694599514943199e-02
4.280175391539353669e-03
1.439821757119545131e-01
5.997863843460150141e-02
2.959358871084168813e-02
2.357266630878772015e-02
8.651314851708278783e-03
5.915441300509857031e-02
2.398679648523734109e-01
1.159142726387216160e-02
4.595684943872804101e-02
4.127709332696846700e-01
1.955170715729128914e-02
1.045119193759000836e-01
5.166223175045864258e-01
3.487084807379071116e-01
2.611032481226115143e-02
3.210360615087423652e-01
1.359201052837867574e-02
1.608769838347198083e-02
1.002742422146495616e-01
4.281734809429589561e-02
3.979028504533061589e-02
2.734168094682018837e-02
1.460603455471470302e-01
5.122120777387095814e-02
8.318584052401459261e-02
1.366691601249614141e-01
1.331113003338491897e-02
4.119608384133594675e-02
3.948803400141779815e-03
2.483397335926516847e-02
6.734201193876954150e-02
9.094735919397845675e-03
9.079939811489103063e-02
4.230504052551176813e-02
1.599734122579776485e-01
9.133968317356492769e-03
2.475558683431292734e-02
2.740059280469921144e-02
1.766552159906766839e-01
1.047919457234597340e-01
8.235795367837663722e-03
3.414615242811282481e-01
5.585364817118050329e-01
4.070139700468021482e-02
4.490507042956470157e-02
1.337867192638616531e-01
9.140519281475338598e-02
2.295552307646547829e-02
6.368038992695631562e-01
5.976799864955045088e-02
5.708616174721629077e-01
2.018849918717887867e-02
4.493069145063806336e-02
1.143342698360138021e-01
9.489243625192819720e-02
2.655232514112837103e-02
3.218753961374958006e-02
5.047773992355398393e-02
1.138572330709892132e-02
5.982977761424893709e-02
1.900878321227898390e-02
4.432700951214589569e-02
6.456931726483283729e-02
1.292764113497872451e-02
1.033349359220862157e-01
4.887508554252294191e-02
5.196507028434726311e-02
3.096577032260000584e-02
1.457629303662739441e-02
2.316271186231332324e-01
8.892749918822674335e-03
1.654883634750345389e-02
9.315450656524429385e-02
5.980641006559266754e-02
9.242971829839010875e-03
8.188197126436151663e-02
2.557543269689576543e-02
5.080733547458254201e-02
4.841692774221765388e-02
8.485557328400489263e-02
8.749701938159357845e-03
2.316888118441472535e-02
1.428301115524140998e-02
1.105665564402219525e-01
3.391654824218798964e-02
2.137926753804473331e-03
5.973354889809311813e-02
4.813470530657523727e-01
1.985069665844571909e-02
6.649052991882661856e-02
8.983521014549158273e-03
1.076234853027529248e-01
8.379379949085127496e-03
2.090274616363681781e-01
1.426130731119758521e-01
3.127431644267556626e-02
5.681833496709561004e-02
3.410904950269684488e-02
7.544568556795321068e-02
1.952497999404154139e-02
4.786082707990509111e-02
4.856492849058137440e-02
6.898633515751712020e-02
7.957098816057642590e-03
3.303924652211741309e-02
1.510605667530529883e-01
1.209406868003835983e-01
1.587938274665781288e-02
1.138772885413472102e-01
2.373199103357712947e-01
1.332197846208377917e-02
3.705546940268438644e-02
2.971288451407227624e-02
1.572263896183802301e-02
3.738153440872828137e-02
5.049473764220469008e-02
7.474298195744742690e-02
8.203818096407718488e-03
1.118972349153127960e-01
6.827202595149632625e-02
5.420795827561605135e-02
5.681116889993268609e-02
1.812814221382278920e-02
1.719146906906555972e-02
7.108818424761034760e-02
1.654580277865213833e-01
2.847575838737051099e-02
2.844336392751989351e-02
9.856078806637342746e-03
1.556371912093376664e-01
8.933766059099731982e-02
7.814450349200464940e-02
1.404768857828615942e-02
4.373080256177299535e-02
4.308684310954358915e-02
7.009582508061577844e-02
8.519654223876543808e-02
9.353527642214123916e-02
1.843139673971262021e-02
9.220174959875451076e-03
6.673139080936907330e-01
1.258039962586092290e-02
1.938331515489669782e-02
1.496576704103931565e-02
4.498235764805310621e-01
7.887820219061383864e-02
1.758313577805927230e-01
4.978348775041413488e-02
5.279717955667172918e-02
9.554675206143388444e-02
4.771475223954099038e-02
4.084731148656245425e-02
2.854077931914782429e-01
2.392430058214345054e-02
1.044368629051111580e-02
8.474330137862708112e-02
1.704120716794852580e-02
1.005894442507139020e-03
3.556056246653358649e-02
7.890953915823332998e-03
1.469187819689219132e-01
8.417506218365806286e-03
2.253696261024111525e-01
2.195765238614966891e-02
2.227724471571929446e-02
3.953750401113643315e-02
6.303111612563127020e-01
2.137414521372228010e-02
6.843831850539350281e-02
1.466673737483920603e-01
2.114771585412207333e-01
5.665097788996225486e-02
5.847849043010112198e-04
2.737444330578696263e-03
6.309415375805925430e-02
4.670568834137234226e-01
2.316015232228604281e-01
6.635326350702935860e-03
3.124552896130322263e-02
3.049282991666120435e-02
1.759760248104321606e-02
1.233858147842028727e-02
1.488213963349266540e-02
2.266184646457745575e-02
1.387312028824706431e-02
1.254605283281118311e-01
2.577431797974941499e-02
2.446719676921381426e-02
6.513529201319570583e-02
2.660393777557535366e-01
2.939828015328516814e-02
3.906391526185255120e-02
5.682872201905517229e-02
6.325238024123151781e-02
3.506906432119168832e-02
3.171802937861389199e-02
4.846448521866544151e-02
3.798319972884539077e-03
2.028790341570209377e-01
4.632346063573059003e-02
5.979078855886599958e-02
1.546461351576029764e-01
1.220852339576219830e-01
7.063012281868107090e-02
2.042751237864474934e-02
6.839036709266070602e-02
1.358057301657483382e-02
1.105064602867444901e-02
7.508693449348431692e-02
3.950394968856825451e-02
1.110001925424793263e-02
6.002618908355506627e-02
9.587223069268933917e-02
3.354964818980029490e-02
7.282578571173320067e-03
3.633404934965830252e-02
2.145608230265644290e-02
6.953810721453837496e-02
1.081866997476128682e-02
3.445763910425467952e-02
3.244471423891764211e-02
8.248512087735733120e-03
5.125481580249682118e-02
2.181203898122038593e-03
3.337461657994199582e-01
1.587054019538964786e-02
1.470640368056951863e-01
1.344922390552240055e-01
3.527337163942485532e-01
2.262462884613834074e-02
2.930065797874907216e-02
3.623419502030211792e-02
4.652554679622266515e-02
7.724081573040159077e-02
2.253226498037316436e-02
2.346128895805098258e-02
4.128552087925764502e-02
1.935464801118521455e-02
8.759047754359493287e-02
6.450062168749978730e-02
3.083322065546698076e-02
1.329400976406186832e-02
2.941015153453557449e-02
1.664787494512442734e-01
4.404633077724103701e-02
6.157246715650491198e-02
4.286030236027051910e-01
7.238635267569511200e-02
5.221227233505056076e-02
8.159089222085488466e-03
1.880093893263980187e-02
1.703955509732313633e-01
2.486431912171323602e-02
8.217754726306537583e-01
9.790446558681881531e-03
2.493132873444314432e-02
2.328730829325842411e-02
3.670049988309124211e-01
6.638762799279127047e-02
1.860502792495496716e-01
2.522252475171164396e-02
9.248604204989168548e-03
1.408456063654546786e-01
1.087292670531984640e-01
3.901708801726273823e-02
2.528620180605588644e-02
1.802369377132339310e-03
1.482440600134227876e-02
3.651429395456084331e-02
7.676426153113240225e-02
2.928196087794029956e-01
4.710853376195814346e-02
4.904347106062067335e-02
6.941899911853782745e-01
5.076700490823450596e-02
6.657925602191808734e-01
2.531286580220248536e-02
2.818570158168989814e-02
4.496849124975645789e-02
3.374838029291212793e-01
1.629321657701171544e-02
3.978945082865810723e-01
2.938819287969895652e-02
2.378086033944474577e-03
2.850433254224167268e-01
2.666240081270429899e-02
8.124424440662744717e-02
2.206039689333717801e-02
9.342417881788897538e-03
5.735484552042115908e-02
1.243689846224882954e-02
1.311939025378194325e-02
2.759294250581040830e-01
6.876291025371998600e-02
4.150455160368317527e-03
2.949207900271086369e-02
4.465669138384917997e-02
1.472567597945614870e-01
1.380478785456369303e-02
8.175303162563870435e-03
2.338744821323541362e-02
1.465978885042851787e-01
9.000452466970733367e-02
4.870185567042401714e-02
2.084073672657607568e-02
6.505041919219420321e-02
9.173635854004828089e-03
1.636484741468532608e-02
5.991382696055331386e-02
1.922143952939862344e-01
1.002400693688073330e-01
3.775601277404189854e-02
2.743670317717605833e-02
3.201796358222504524e-01
1.944809354388601919e-02
1.923943251247177966e-01
2.239696044782857332e-02
1.186844005167754165e-02
8.441812175969745646e-03
1.861069160811563705e-01
9.262413570254613218e-03
1.881766294465470751e-02
8.764251646690862999e-03
3.275190762908819497e-02
8.553460670459131499e-02
2.081828126755859085e-02
4.316390361711564677e-02
6.180951711044429565e-03
4.854856300904140248e-02
1.633828878896848372e-02
1.044981784362814109e-01
8.790614520523008790e-02
8.229921284281029037e-02
3.800523044220169289e-02
3.887709012781877596e-03
4.439581163914373997e-03
5.080210255590590640e-02
3.253780682754866399e-02
2.067536855041563967e-02
1.168300867979368655e-02
6.225580371694211523e-02
2.278049841478196544e-02
4.831948159556563593e-02
5.568276036643168836e-02
3.013099163808213854e-01
2.261611844027552193e-02
3.771612988050358772e-02
2.496600566412131988e-02
1.136905742750844162e-01
4.278172805859347533e-02
1.717264273590990778e-02
1.128333850017085027e-01
4.097408202040506153e-02
5.327951799259648263e-02
1.101181544325883360e-01
1.899103653361526034e-01
7.125800711879169691e-02
3.685874796730382458e-02
3.455466183414140219e-02
1.095514147561279239e-01
1.917320537090170252e-01
2.972919769589849742e-02
2.689126815302613216e-01
5.282827149517307225e-02
4.255811396548876691e-02
5.128419818069995112e-02
1.229594581184773397e-02
2.924262705054708582e-03
5.634561654317871149e-02
6.925872795846606256e-02
1.300856350974030282e-02
7.072726993152630981e-02
2.644017564941598605e-02
1.126282019071966484e-01
1.014968452546733957e-01
2.399848668517962080e-02
2.351465812649523313e-01
9.140451784209867314e-02
1.111326719024501031e-01
1.067052988839191086e-01
3.223491262424901804e-02
3.056967105409738247e-02
9.590523012721344220e-02
7.771624247483147063e-02
9.627443157295748066e-02
4.217524557853364470e-02
3.945250511150268785e-02
9.706485667289234398e-02
6.692113569030203046e-02
1.923449591853631235e-01
4.067957635760273694e-01
3.177430238824319186e-02
1.872244583902239398e-02
9.925942685558088174e-02
1.491436389127038555e-02
3.360916096185402324e-01
1.085367454931162982e-02
1.284427728474507938e-02
1.279801398530203485e-02
1.017266574057138911e-01
9.164576722454566282e-02
8.107537704258332978e-02
4.006759697366372303e-02
2.189786924090231582e-02
7.863560475624975510e-03
7.292919069215591729e-03
4.695548122513012665e-03
5.668602558887134504e-03
9.211924583942002198e-02
2.037227149205247945e-01
1.138635707843776712e-01
5.184488865038422434e-02
6.130852304732856140e-02
7.864557352366737669e-03
1.363877284027989120e-02
3.173393594103860599e-02
2.211155190674521376e-02
1.268873126129125839e-01
3.915538255282778601e-02
7.913969548773694407e-02
1.095714035824485177e-01
2.528884916083284362e-01
3.238061625376287278e-02
1.221595926273880695e-01
3.152796324959669660e-02
4.423049321935274003e-02
7.907165497446136393e-02
8.076505194005668964e-02
3.962942633434466538e-02
3.980862975594565145e-02
4.137347325285440497e-02
1.195652999269159050e-01
1.109025880849383305e-02
9.962276958513642533e-03
1.492045545183786487e-02
7.566008799863209455e-02
2.445345354307490796e-02
5.354439755829215608e-02
4.757220750723825664e-02
1.092508019560023830e-01
1.378101388696152153e-02
1.331950742051323522e-01
1.622238515362743258e-02
1.395730506898117812e-02
8.172689923454194705e-02
1.167681940156061783e-02
1.520836114588083356e-02
8.227241713213748198e-02
4.560696349401275468e-02
2.650165228575372955e-01
2.148973306700475983e-01
1.792625873501389050e-02
1.569714097338154868e-01
4.738518662367203343e-02
8.454501549574289232e-02
8.519638378959824843e-02
9.416103001876249823e-02
8.651984877428975373e-02
6.356668670963215584e-02
1.001096703851765343e-02
9.426008055383834280e-03
1.297775383675630057e-01
1.278324481061271500e-02
2.674852333735689980e-01
3.610285107218653283e-02
7.711313828599480891e-02
2.892473192715384611e-01
1.464941706312061602e-02
3.188240198663994107e-02
6.966780406005697313e-02
1.465693683386950878e-02
2.471514276707414276e-02
2.610619875336409393e-02
8.755672230454806249e-01
1.091817156390273089e-02
3.218679022257407013e-02
8.432339045610977302e-03
1.623467029847981968e-01
5.066867916473560135e-02
9.615505807781285497e-02
1.259029256882309399e-02
5.483689237662319610e-02
5.069140091759128525e-02
9.639595286286969933e-02
4.578798182068728045e-02
3.952755595845743875e-01
1.886424548626879083e-02
3.776706732446196146e-01
4.360527346147623912e-02
2.667323480102563038e-01
2.235566121066320106e-02
1.713170075245268875e-01
3.646739802679255932e-02
9.530691295568345656e-02
2.211282028783506659e-02
1.977573648140751664e-02
1.822905389147797539e-01
2.082588894042313940e-02
1.386061353566690399e-02
1.899559514958946982e-02
3.146628560226528981e-02
1.205715394900094481e-02
3.636235796633984635e-02
3.823639355025734016e-02
4.122430450949931408e-02
8.031026066166840893e-02
4.086788311724911388e-02
5.597254102603997639e-02
2.875432376473375379e-02
1.197521583373887394e-02
1.543813690772790626e-01
2.420204255466127663e-01
2.725193348281869377e-02
2.072196976001202534e-02
4.475515468856315904e-01
1.145791285411280752e-01
5.824593730671399558e-03
3.115491570038593852e-02
1.351861541324320994e-02
3.569778368768337234e-02
5.711047330672642391e-02
5.892804213482771142e-02
2.262310811649897307e-02
4.882380878215568099e-01
3.636052708315076765e-02
1.398646484923319888e-01
8.603640494270103217e-03
1.464238854255423689e-02
2.896094412977994262e-02
1.710566956020588211e-02
1.198256336096151925e-01
3.285893915158456802e-02
2.747036903365845592e-02
1.717434807017437573e-02
8.693259757616284000e-02
3.262522336778509065e-03
3.612986256816331371e-02
4.736456754836632782e-02
9.661512183597131820e-02
2.775020569647280166e-01
4.095658284982580527e-02
4.109302266774182005e-02
2.905023304423366010e-02
4.694927288055712050e-02
5.833563651494769187e-02
7.621731181850402992e-01
1.278885472226249098e-01
1.135647048781747350e-03
1.956835279833006591e-02
6.841944789323127496e-02
5.471708981587453113e-02
3.771483162422629293e-02
3.496014320156483769e-03
5.062441617257819326e-02
6.201176201671735333e-01
3.584695509647951861e-02
1.792670039170134177e-01
5.200665549541291788e-02
1.849038411178526853e-01
5.268711908040367431e-02
2.007002159189472806e-02
1.610067156807820921e-01
3.086602420291688353e-02
3.133098633441109837e-01
5.033060939846867310e-01
2.208293074717453119e-02
1.293939827080232974e-01
1.057252604443762942e-02
1.232594527062670468e-02
5.558523418230927604e-02
1.651601965111858944e-02
9.611013579859620237e-02
9.225108040678843199e-03
7.930746184316082859e-02
2.899059878451547625e-02
2.636298703377868129e-03
4.528521030061424466e-03
1.059355655140431680e-02
3.805077206745836188e-02
6.620258991982856667e-02
7.007902130377809125e-02
2.485152967240079544e-02
1.303883088585446604e-01
2.328224100165075805e-02
2.949498384417859401e-02
1.688890117159703164e-01
1.240387206765813100e-01
1.673193639595517423e-02
7.740026278891291855e-02
1.718735674981972106e-02
5.329380134943737662e-02
2.225532047001721817e-02
5.054869022431820319e-02
2.244913065415752307e-01
1.753585476569130552e-02
3.377461595335431305e-02
2.294452720642618706e-03
1.237761312158825247e-02
1.632845432273023756e-02
4.334207629198723322e-02
2.095346743920595625e-02
1.440530177967569263e-02
2.609688382404938556e-02
1.255415122682793927e-01
3.962369945213776307e-02
5.159853065807902261e-01
2.377648598514520845e-02
1.397838526977754625e-01
3.534849067645898235e-01
7.361988616413787934e-02
8.834866514582298547e-02
1.422447908210136003e-01
9.591468195563985707e-03
1.917002365680864906e-01
6.546518947845919589e-01
1.403266084984909901e-01
4.357858801388614367e-02
3.987574560102515736e-02
9.335877111499506220e-02
4.166958800564109916e-02
3.582829565537895642e-03
8.437163021639311478e-02
3.733495623475157066e-01
5.716795245124459135e-02
1.600042094958853967e-01
5.816716777712219177e-02
4.402245719506495125e-02
7.650517026262811104e-02
6.732494109549467046e-03
1.080477216607293317e-01
3.920540394837783438e-02
2.398431909319469896e-02
2.090610742270200897e-02
5.933343025133919202e-02
7.354116227310776577e-02
1.416979398067060025e-01
1.512336317156668941e-01
8.031751201488813996e-02
1.409359109331408816e-02
1.888473204129234931e-02
4.306733424508800423e-02
3.659157345288800989e-01
1.407671517183928245e-01
6.125276641864758898e-02
4.682696561589760886e-02
7.677462931673019464e-02
4.180194058944335100e-02
4.130771791059175552e-02
6.491311505044596031e-02
3.300072579230701325e-02
5.715804895139052488e-02
5.202139345736699061e-02
2.607505187947490796e-02
3.300764648792831046e-02
1.075380368448634535e-02
4.722476227662971565e-02
4.806427759314110988e-03
3.038329363758741908e-02
6.419990236214068169e-02
1.673259987723481335e-02
1.426066007310997918e-01
3.229763018977232624e-03
5.154847664029311299e-03
2.774280125587405554e-01
3.660951135572314188e-03
2.247653577999409250e-02
6.676064798449501958e-02
2.223958609260379415e-01
8.276807986401766432e-03
3.881021207015938196e-02
6.101938320576674041e-02
2.624972375621712276e-02
1.733336508039812901e-02
2.083367012790149353e-02
4.454885181507486913e-01
9.760697878696582980e-03
7.761035608765186333e-02
6.059785460533983342e-02
4.229535531715369889e-02
2.483766694548976070e-02
1.230632493053767686e-02
2.863282318442239918e-02
1.601911852892065960e-02
4.782319545037863606e-02
2.942789143391716378e-02
2.262389241954465904e-02
9.371577951010547081e-02
2.175940349546974864e-02
5.402879056056723861e-02
6.425495736061112573e-02
6.267445692671205770e-02
1.353183292988905523e-02
2.190043354988454108e-02
2.388672981896327596e-01
3.024922835292134099e-02
1.075464220410659172e-01
2.391026620348887452e-02
2.973212588524742350e-01
2.454531230766897887e-01
4.227137730247346181e-02
7.680987114990488196e-02
3.743279177541634223e-02
1.021814189723795341e-01
7.057173400768078364e-02
3.663585412523254724e-03
4.650310629925515776e-02
2.078589564555755401e-02
3.901283638063425263e-01
8.864415117375096242e-03
4.450301777947526793e-02
3.188835829794207238e-02
2.225144343199265268e-02
5.019171269454263812e-02
7.328034282210076251e-03
5.175379091746924731e-02
2.535198449421684208e-02
4.649652349771696280e-02
1.528243988326091589e-02
1.086974733680654698e-02
2.814966260321373204e-01
6.696946654679146460e-03
2.694195973251699641e-02
4.694748056394387054e-02
1.800409206822125782e-02
5.286097047978445540e-02
5.032448261512658533e-02
2.403645943632800111e-02
1.595221322885480037e-03
1.452882506156284032e-02
1.069237856884896476e-01
1.037221616650754741e-01
2.226057031890436508e-02
